#' Discrete Chris palette (12 colours)
#' Slightly tweaked version of https://tsitsul.in/blog/coloropt/
#' @export
chris_palette <- c(
  "#b80058","#008cf9","#ebac23","#006e00","#00bbad",
  "#d163e6","#b24502","#ff9287","#5954d6","#00c6f8",
  "#878500","#00a76c"
)
